{
 "cells": [
  {
   "cell_type": "code",
   "execution_count": 1,
   "metadata": {},
   "outputs": [
    {
     "name": "stdout",
     "output_type": "stream",
     "text": [
      "[[ 1.00000000e+00  2.52222140e-01 -1.00399241e-01  2.53966002e-01\n",
      "   6.35070622e-02 -2.21771471e-02  1.52226271e-01 -1.55962224e-01\n",
      "  -1.80448396e-03  6.07528472e-02 -1.23501132e-01 -1.57806639e-01\n",
      "   1.86949639e-01 -6.66173335e-02  1.12341870e-01 -3.01563203e-02\n",
      "  -1.42598494e-01  2.99268811e-02  1.53031981e-01  6.84567569e-02\n",
      "  -7.33858221e-02  1.51639419e-02  8.50822658e-02  3.56270583e-02\n",
      "   3.01042493e-02]\n",
      " [ 2.52222140e-01  1.00000000e+00 -1.51789587e-01 -1.14177968e-01\n",
      "   1.68065713e-01 -2.07605354e-01 -6.43826093e-02 -1.33344014e-01\n",
      "   1.89837319e-01  6.45131827e-02 -2.11284626e-02 -2.79453739e-01\n",
      "   1.04915450e-01  1.47156847e-01 -8.67082295e-02 -1.45077335e-01\n",
      "  -2.26084997e-03 -2.47193672e-01  7.66424160e-02 -3.15045565e-01\n",
      "  -2.33407671e-02 -5.77907346e-02 -1.52597416e-01  4.74727824e-02\n",
      "  -1.41855343e-02]\n",
      " [-1.00399241e-01 -1.51789587e-01  1.00000000e+00  2.87912113e-01\n",
      "   5.73324074e-02  4.80619613e-02 -4.58120832e-02 -1.08881551e-01\n",
      "   7.10343202e-02  1.39974310e-02  8.35531017e-02  7.25919703e-02\n",
      "   2.35690606e-01 -7.61645245e-02 -3.95641169e-02  1.18044689e-02\n",
      "   2.20324896e-02  4.11536239e-02 -6.04248334e-02  1.76479328e-02\n",
      "   5.97404010e-02 -7.69230960e-02 -5.22525384e-02  4.41997934e-02\n",
      "   7.80798770e-02]\n",
      " [ 2.53966002e-01 -1.14177968e-01  2.87912113e-01  1.00000000e+00\n",
      "  -1.57926201e-01 -3.86591421e-02  1.48461862e-01  1.56197483e-01\n",
      "   6.48939399e-02  1.13765447e-01 -5.95320840e-02 -2.54706618e-02\n",
      "   2.63015060e-01 -2.11177005e-01  3.05921873e-01  1.95521866e-01\n",
      "  -6.87448617e-02  2.50951030e-01  1.52011698e-01  3.93326910e-03\n",
      "   2.09344454e-02  2.42326268e-02 -1.21159405e-01  6.97980093e-02\n",
      "   2.69159705e-02]\n",
      " [ 6.35070622e-02  1.68065713e-01  5.73324074e-02 -1.57926201e-01\n",
      "   1.00000000e+00 -2.37332251e-03  1.17028310e-01 -6.97814673e-02\n",
      "   7.01463712e-02  4.47871485e-02 -2.35308579e-01 -1.47300212e-02\n",
      "   7.42011755e-02  1.60335073e-01  3.41889088e-02 -9.82115709e-02\n",
      "  -7.59503363e-02 -1.35420709e-01 -9.86797946e-02  8.65139437e-02\n",
      "   5.03223008e-02  7.08638022e-03  1.77040923e-01  1.00453755e-05\n",
      "   4.59758114e-02]\n",
      " [-2.21771471e-02 -2.07605354e-01  4.80619613e-02 -3.86591421e-02\n",
      "  -2.37332251e-03  1.00000000e+00 -2.91821795e-01 -1.60783982e-02\n",
      "  -1.00157022e-01 -7.61743093e-02  7.86608145e-02 -8.70758158e-02\n",
      "   6.87079677e-02 -5.53113063e-02  4.15013012e-02 -2.01942593e-01\n",
      "  -1.39012218e-01 -8.02239021e-02  2.07104409e-02  3.49904540e-02\n",
      "  -1.90072005e-01  3.95950329e-02  1.74567936e-01 -7.41246334e-02\n",
      "  -1.86865690e-01]\n",
      " [ 1.52226271e-01 -6.43826093e-02 -4.58120832e-02  1.48461862e-01\n",
      "   1.17028310e-01 -2.91821795e-01  1.00000000e+00  2.96555281e-02\n",
      "  -9.26696986e-02  1.46575382e-01 -4.88643150e-02  3.70405867e-01\n",
      "   4.68885721e-02  5.38679975e-02 -6.84724469e-02  7.21932384e-02\n",
      "   3.24783641e-02  1.32270210e-01  7.97908303e-02 -5.26956172e-02\n",
      "   1.66326066e-01  1.46232406e-01  1.70999249e-01 -5.17228738e-02\n",
      "   2.78756859e-01]\n",
      " [-1.55962224e-01 -1.33344014e-01 -1.08881551e-01  1.56197483e-01\n",
      "  -6.97814673e-02 -1.60783982e-02  2.96555281e-02  1.00000000e+00\n",
      "   2.64788269e-01  2.27803830e-01 -1.27182997e-01 -1.10860063e-01\n",
      "  -1.71600540e-01 -2.33872554e-02 -1.35618063e-02 -1.10167856e-01\n",
      "  -2.45320391e-01  1.91367238e-02 -1.62539623e-01 -3.52747319e-02\n",
      "  -3.00895891e-01 -1.08760849e-02  2.38224228e-01 -1.25177492e-01\n",
      "  -5.18928986e-02]\n",
      " [-1.80448396e-03  1.89837319e-01  7.10343202e-02  6.48939399e-02\n",
      "   7.01463712e-02 -1.00157022e-01 -9.26696986e-02  2.64788269e-01\n",
      "   1.00000000e+00  3.15920077e-02 -5.09420620e-02 -7.63166468e-02\n",
      "  -8.78996969e-02 -5.20498849e-02  1.03629562e-01  7.76511124e-02\n",
      "   2.15576673e-01 -1.12546277e-01  1.74468602e-01  2.30959242e-01\n",
      "  -5.04200807e-02  1.12612206e-01  1.14814987e-01 -3.66527389e-02\n",
      "   7.15911643e-02]\n",
      " [ 6.07528472e-02  6.45131827e-02  1.39974310e-02  1.13765447e-01\n",
      "   4.47871485e-02 -7.61743093e-02  1.46575382e-01  2.27803830e-01\n",
      "   3.15920077e-02  1.00000000e+00  7.26819285e-02  3.33914599e-02\n",
      "  -2.06740330e-01 -1.74025103e-01  1.18681301e-01  8.19308204e-03\n",
      "   1.84297036e-01 -1.40416575e-01 -6.39887105e-02  2.26503580e-01\n",
      "  -2.43885538e-02 -9.27905374e-03  1.62843716e-02 -1.65820592e-01\n",
      "  -1.11408481e-01]\n",
      " [-1.23501132e-01 -2.11284626e-02  8.35531017e-02 -5.95320840e-02\n",
      "  -2.35308579e-01  7.86608145e-02 -4.88643150e-02 -1.27182997e-01\n",
      "  -5.09420620e-02  7.26819285e-02  1.00000000e+00  2.08513980e-01\n",
      "  -1.01064392e-01  9.98945717e-02 -5.51879423e-02 -4.98080826e-02\n",
      "   4.17933315e-03 -2.14991029e-01  3.99391274e-02  3.15002540e-02\n",
      "   9.67878380e-02  1.73702931e-01  1.03502980e-02  4.56570374e-01\n",
      "  -1.75162853e-01]\n",
      " [-1.57806639e-01 -2.79453739e-01  7.25919703e-02 -2.54706618e-02\n",
      "  -1.47300212e-02 -8.70758158e-02  3.70405867e-01 -1.10860063e-01\n",
      "  -7.63166468e-02  3.33914599e-02  2.08513980e-01  1.00000000e+00\n",
      "   9.95353536e-02  9.02873029e-02 -4.90929219e-02 -5.49351858e-02\n",
      "   1.46072282e-01 -5.22520048e-02  2.15767932e-01  1.17089855e-02\n",
      "   9.42354211e-02 -2.31530369e-01  4.61994330e-03  4.42415683e-02\n",
      "  -1.14221346e-02]\n",
      " [ 1.86949639e-01  1.04915450e-01  2.35690606e-01  2.63015060e-01\n",
      "   7.42011755e-02  6.87079677e-02  4.68885721e-02 -1.71600540e-01\n",
      "  -8.78996969e-02 -2.06740330e-01 -1.01064392e-01  9.95353536e-02\n",
      "   1.00000000e+00  5.94908962e-03 -2.73836873e-01 -2.24232231e-02\n",
      "  -7.16170096e-02 -3.65360528e-02  7.22462598e-02 -6.21463063e-02\n",
      "  -3.12170935e-03 -7.81651032e-02 -1.24936206e-01 -7.69385793e-02\n",
      "  -6.29785436e-02]\n",
      " [-6.66173335e-02  1.47156847e-01 -7.61645245e-02 -2.11177005e-01\n",
      "   1.60335073e-01 -5.53113063e-02  5.38679975e-02 -2.33872554e-02\n",
      "  -5.20498849e-02 -1.74025103e-01  9.98945717e-02  9.02873029e-02\n",
      "   5.94908962e-03  1.00000000e+00  7.65705444e-03  9.27776740e-02\n",
      "  -3.64223826e-01 -4.75223052e-02 -1.90387635e-01  8.73309473e-02\n",
      "  -1.57801118e-01 -1.80212538e-01  1.02764770e-01  2.01212719e-01\n",
      "  -1.46084705e-01]\n",
      " [ 1.12341870e-01 -8.67082295e-02 -3.95641169e-02  3.05921873e-01\n",
      "   3.41889088e-02  4.15013012e-02 -6.84724469e-02 -1.35618063e-02\n",
      "   1.03629562e-01  1.18681301e-01 -5.51879423e-02 -4.90929219e-02\n",
      "  -2.73836873e-01  7.65705444e-03  1.00000000e+00 -4.49110281e-02\n",
      "  -8.81497776e-02  2.34729942e-01  9.58690148e-03  2.39833534e-01\n",
      "   1.06867076e-01 -1.50621671e-01 -4.88305456e-04  1.07571100e-01\n",
      "  -1.54603813e-01]\n",
      " [-3.01563203e-02 -1.45077335e-01  1.18044689e-02  1.95521866e-01\n",
      "  -9.82115709e-02 -2.01942593e-01  7.21932384e-02 -1.10167856e-01\n",
      "   7.76511124e-02  8.19308204e-03 -4.98080826e-02 -5.49351858e-02\n",
      "  -2.24232231e-02  9.27776740e-02 -4.49110281e-02  1.00000000e+00\n",
      "   1.58578975e-01  2.33499914e-01 -1.65928143e-01 -4.37161198e-03\n",
      "  -4.11574159e-01  1.40353694e-01 -2.13671772e-02  1.84950010e-01\n",
      "  -1.03373507e-01]\n",
      " [-1.42598494e-01 -2.26084997e-03  2.20324896e-02 -6.87448617e-02\n",
      "  -7.59503363e-02 -1.39012218e-01  3.24783641e-02 -2.45320391e-01\n",
      "   2.15576673e-01  1.84297036e-01  4.17933315e-03  1.46072282e-01\n",
      "  -7.16170096e-02 -3.64223826e-01 -8.81497776e-02  1.58578975e-01\n",
      "   1.00000000e+00 -7.48970754e-02  5.87737727e-02  8.86909008e-02\n",
      "  -9.94894665e-02  1.14599494e-01 -2.90405443e-02  6.94708184e-02\n",
      "   8.50181561e-02]\n",
      " [ 2.99268811e-02 -2.47193672e-01  4.11536239e-02  2.50951030e-01\n",
      "  -1.35420709e-01 -8.02239021e-02  1.32270210e-01  1.91367238e-02\n",
      "  -1.12546277e-01 -1.40416575e-01 -2.14991029e-01 -5.22520048e-02\n",
      "  -3.65360528e-02 -4.75223052e-02  2.34729942e-01  2.33499914e-01\n",
      "  -7.48970754e-02  1.00000000e+00 -1.04390198e-01 -2.88152152e-01\n",
      "  -4.61336521e-02  1.01763159e-02 -6.67566014e-02 -2.24334710e-01\n",
      "   1.60564178e-01]\n",
      " [ 1.53031981e-01  7.66424160e-02 -6.04248334e-02  1.52011698e-01\n",
      "  -9.86797946e-02  2.07104409e-02  7.97908303e-02 -1.62539623e-01\n",
      "   1.74468602e-01 -6.39887105e-02  3.99391274e-02  2.15767932e-01\n",
      "   7.22462598e-02 -1.90387635e-01  9.58690148e-03 -1.65928143e-01\n",
      "   5.87737727e-02 -1.04390198e-01  1.00000000e+00 -2.34716113e-01\n",
      "   5.72338246e-02 -8.58319403e-02 -1.60710471e-02 -1.54525487e-03\n",
      "  -1.93383340e-01]\n",
      " [ 6.84567569e-02 -3.15045565e-01  1.76479328e-02  3.93326910e-03\n",
      "   8.65139437e-02  3.49904540e-02 -5.26956172e-02 -3.52747319e-02\n",
      "   2.30959242e-01  2.26503580e-01  3.15002540e-02  1.17089855e-02\n",
      "  -6.21463063e-02  8.73309473e-02  2.39833534e-01 -4.37161198e-03\n",
      "   8.86909008e-02 -2.88152152e-01 -2.34716113e-01  1.00000000e+00\n",
      "   3.00891635e-02  1.96275688e-01 -2.73221410e-01  7.96452352e-03\n",
      "   2.57980843e-01]\n",
      " [-7.33858221e-02 -2.33407671e-02  5.97404010e-02  2.09344454e-02\n",
      "   5.03223008e-02 -1.90072005e-01  1.66326066e-01 -3.00895891e-01\n",
      "  -5.04200807e-02 -2.43885538e-02  9.67878380e-02  9.42354211e-02\n",
      "  -3.12170935e-03 -1.57801118e-01  1.06867076e-01 -4.11574159e-01\n",
      "  -9.94894665e-02 -4.61336521e-02  5.72338246e-02  3.00891635e-02\n",
      "   1.00000000e+00  2.87952894e-01  6.24819105e-02  1.38060750e-01\n",
      "   2.76834407e-01]\n",
      " [ 1.51639419e-02 -5.77907346e-02 -7.69230960e-02  2.42326268e-02\n",
      "   7.08638022e-03  3.95950329e-02  1.46232406e-01 -1.08760849e-02\n",
      "   1.12612206e-01 -9.27905374e-03  1.73702931e-01 -2.31530369e-01\n",
      "  -7.81651032e-02 -1.80212538e-01 -1.50621671e-01  1.40353694e-01\n",
      "   1.14599494e-01  1.01763159e-02 -8.58319403e-02  1.96275688e-01\n",
      "   2.87952894e-01  1.00000000e+00  1.43622965e-01  1.65045719e-01\n",
      "   4.24380112e-01]\n",
      " [ 8.50822658e-02 -1.52597416e-01 -5.22525384e-02 -1.21159405e-01\n",
      "   1.77040923e-01  1.74567936e-01  1.70999249e-01  2.38224228e-01\n",
      "   1.14814987e-01  1.62843716e-02  1.03502980e-02  4.61994330e-03\n",
      "  -1.24936206e-01  1.02764770e-01 -4.88305456e-04 -2.13671772e-02\n",
      "  -2.90405443e-02 -6.67566014e-02 -1.60710471e-02 -2.73221410e-01\n",
      "   6.24819105e-02  1.43622965e-01  1.00000000e+00  1.63124845e-01\n",
      "  -1.46264315e-02]\n",
      " [ 3.56270583e-02  4.74727824e-02  4.41997934e-02  6.97980093e-02\n",
      "   1.00453755e-05 -7.41246334e-02 -5.17228738e-02 -1.25177492e-01\n",
      "  -3.66527389e-02 -1.65820592e-01  4.56570374e-01  4.42415683e-02\n",
      "  -7.69385793e-02  2.01212719e-01  1.07571100e-01  1.84950010e-01\n",
      "   6.94708184e-02 -2.24334710e-01 -1.54525487e-03  7.96452352e-03\n",
      "   1.38060750e-01  1.65045719e-01  1.63124845e-01  1.00000000e+00\n",
      "   5.72060306e-03]\n",
      " [ 3.01042493e-02 -1.41855343e-02  7.80798770e-02  2.69159705e-02\n",
      "   4.59758114e-02 -1.86865690e-01  2.78756859e-01 -5.18928986e-02\n",
      "   7.15911643e-02 -1.11408481e-01 -1.75162853e-01 -1.14221346e-02\n",
      "  -6.29785436e-02 -1.46084705e-01 -1.54603813e-01 -1.03373507e-01\n",
      "   8.50181561e-02  1.60564178e-01 -1.93383340e-01  2.57980843e-01\n",
      "   2.76834407e-01  4.24380112e-01 -1.46264315e-02  5.72060306e-03\n",
      "   1.00000000e+00]]\n"
     ]
    },
    {
     "ename": "LinAlgError",
     "evalue": "singular matrix",
     "output_type": "error",
     "traceback": [
      "\u001b[1;31m---------------------------------------------------------------------------\u001b[0m",
      "\u001b[1;31mLinAlgError\u001b[0m                               Traceback (most recent call last)",
      "\u001b[1;32m<ipython-input-1-eaf3354d5a42>\u001b[0m in \u001b[0;36m<module>\u001b[1;34m\u001b[0m\n\u001b[0;32m     36\u001b[0m \u001b[0mdf_cov\u001b[0m \u001b[1;33m=\u001b[0m \u001b[0mnp\u001b[0m\u001b[1;33m.\u001b[0m\u001b[0mmultiply\u001b[0m\u001b[1;33m(\u001b[0m\u001b[0mmatmul\u001b[0m\u001b[1;33m,\u001b[0m\u001b[0mx\u001b[0m\u001b[1;33m)\u001b[0m\u001b[1;33m\u001b[0m\u001b[1;33m\u001b[0m\u001b[0m\n\u001b[0;32m     37\u001b[0m \u001b[0mprint\u001b[0m\u001b[1;33m(\u001b[0m\u001b[0mdf_cov\u001b[0m\u001b[1;33m)\u001b[0m\u001b[1;33m\u001b[0m\u001b[1;33m\u001b[0m\u001b[0m\n\u001b[1;32m---> 38\u001b[1;33m \u001b[0mmvnorm\u001b[0m \u001b[1;33m=\u001b[0m \u001b[0mstats\u001b[0m\u001b[1;33m.\u001b[0m\u001b[0mmultivariate_normal\u001b[0m\u001b[1;33m(\u001b[0m\u001b[0mmean\u001b[0m\u001b[1;33m,\u001b[0m\u001b[0mdf_cov\u001b[0m \u001b[1;33m)\u001b[0m\u001b[1;33m\u001b[0m\u001b[1;33m\u001b[0m\u001b[0m\n\u001b[0m\u001b[0;32m     39\u001b[0m \u001b[1;31m# Generate random samples from multivariate normal with correlation randomly generated as shown by matrix 'x'\u001b[0m\u001b[1;33m\u001b[0m\u001b[1;33m\u001b[0m\u001b[1;33m\u001b[0m\u001b[0m\n\u001b[0;32m     40\u001b[0m \u001b[1;33m\u001b[0m\u001b[0m\n",
      "\u001b[1;32mC:\\ProgramData\\Anaconda3\\lib\\site-packages\\scipy\\stats\\_multivariate.py\u001b[0m in \u001b[0;36m__call__\u001b[1;34m(self, mean, cov, allow_singular, seed)\u001b[0m\n\u001b[0;32m    361\u001b[0m         return multivariate_normal_frozen(mean, cov,\n\u001b[0;32m    362\u001b[0m                                           \u001b[0mallow_singular\u001b[0m\u001b[1;33m=\u001b[0m\u001b[0mallow_singular\u001b[0m\u001b[1;33m,\u001b[0m\u001b[1;33m\u001b[0m\u001b[1;33m\u001b[0m\u001b[0m\n\u001b[1;32m--> 363\u001b[1;33m                                           seed=seed)\n\u001b[0m\u001b[0;32m    364\u001b[0m \u001b[1;33m\u001b[0m\u001b[0m\n\u001b[0;32m    365\u001b[0m     \u001b[1;32mdef\u001b[0m \u001b[0m_process_parameters\u001b[0m\u001b[1;33m(\u001b[0m\u001b[0mself\u001b[0m\u001b[1;33m,\u001b[0m \u001b[0mdim\u001b[0m\u001b[1;33m,\u001b[0m \u001b[0mmean\u001b[0m\u001b[1;33m,\u001b[0m \u001b[0mcov\u001b[0m\u001b[1;33m)\u001b[0m\u001b[1;33m:\u001b[0m\u001b[1;33m\u001b[0m\u001b[1;33m\u001b[0m\u001b[0m\n",
      "\u001b[1;32mC:\\ProgramData\\Anaconda3\\lib\\site-packages\\scipy\\stats\\_multivariate.py\u001b[0m in \u001b[0;36m__init__\u001b[1;34m(self, mean, cov, allow_singular, seed, maxpts, abseps, releps)\u001b[0m\n\u001b[0;32m    734\u001b[0m         self.dim, self.mean, self.cov = self._dist._process_parameters(\n\u001b[0;32m    735\u001b[0m                                                             None, mean, cov)\n\u001b[1;32m--> 736\u001b[1;33m         \u001b[0mself\u001b[0m\u001b[1;33m.\u001b[0m\u001b[0mcov_info\u001b[0m \u001b[1;33m=\u001b[0m \u001b[0m_PSD\u001b[0m\u001b[1;33m(\u001b[0m\u001b[0mself\u001b[0m\u001b[1;33m.\u001b[0m\u001b[0mcov\u001b[0m\u001b[1;33m,\u001b[0m \u001b[0mallow_singular\u001b[0m\u001b[1;33m=\u001b[0m\u001b[0mallow_singular\u001b[0m\u001b[1;33m)\u001b[0m\u001b[1;33m\u001b[0m\u001b[1;33m\u001b[0m\u001b[0m\n\u001b[0m\u001b[0;32m    737\u001b[0m         \u001b[1;32mif\u001b[0m \u001b[1;32mnot\u001b[0m \u001b[0mmaxpts\u001b[0m\u001b[1;33m:\u001b[0m\u001b[1;33m\u001b[0m\u001b[1;33m\u001b[0m\u001b[0m\n\u001b[0;32m    738\u001b[0m             \u001b[0mmaxpts\u001b[0m \u001b[1;33m=\u001b[0m \u001b[1;36m1000000\u001b[0m \u001b[1;33m*\u001b[0m \u001b[0mself\u001b[0m\u001b[1;33m.\u001b[0m\u001b[0mdim\u001b[0m\u001b[1;33m\u001b[0m\u001b[1;33m\u001b[0m\u001b[0m\n",
      "\u001b[1;32mC:\\ProgramData\\Anaconda3\\lib\\site-packages\\scipy\\stats\\_multivariate.py\u001b[0m in \u001b[0;36m__init__\u001b[1;34m(self, M, cond, rcond, lower, check_finite, allow_singular)\u001b[0m\n\u001b[0;32m    161\u001b[0m         \u001b[0md\u001b[0m \u001b[1;33m=\u001b[0m \u001b[0ms\u001b[0m\u001b[1;33m[\u001b[0m\u001b[0ms\u001b[0m \u001b[1;33m>\u001b[0m \u001b[0meps\u001b[0m\u001b[1;33m]\u001b[0m\u001b[1;33m\u001b[0m\u001b[1;33m\u001b[0m\u001b[0m\n\u001b[0;32m    162\u001b[0m         \u001b[1;32mif\u001b[0m \u001b[0mlen\u001b[0m\u001b[1;33m(\u001b[0m\u001b[0md\u001b[0m\u001b[1;33m)\u001b[0m \u001b[1;33m<\u001b[0m \u001b[0mlen\u001b[0m\u001b[1;33m(\u001b[0m\u001b[0ms\u001b[0m\u001b[1;33m)\u001b[0m \u001b[1;32mand\u001b[0m \u001b[1;32mnot\u001b[0m \u001b[0mallow_singular\u001b[0m\u001b[1;33m:\u001b[0m\u001b[1;33m\u001b[0m\u001b[1;33m\u001b[0m\u001b[0m\n\u001b[1;32m--> 163\u001b[1;33m             \u001b[1;32mraise\u001b[0m \u001b[0mnp\u001b[0m\u001b[1;33m.\u001b[0m\u001b[0mlinalg\u001b[0m\u001b[1;33m.\u001b[0m\u001b[0mLinAlgError\u001b[0m\u001b[1;33m(\u001b[0m\u001b[1;34m'singular matrix'\u001b[0m\u001b[1;33m)\u001b[0m\u001b[1;33m\u001b[0m\u001b[1;33m\u001b[0m\u001b[0m\n\u001b[0m\u001b[0;32m    164\u001b[0m         \u001b[0ms_pinv\u001b[0m \u001b[1;33m=\u001b[0m \u001b[0m_pinv_1d\u001b[0m\u001b[1;33m(\u001b[0m\u001b[0ms\u001b[0m\u001b[1;33m,\u001b[0m \u001b[0meps\u001b[0m\u001b[1;33m)\u001b[0m\u001b[1;33m\u001b[0m\u001b[1;33m\u001b[0m\u001b[0m\n\u001b[0;32m    165\u001b[0m         \u001b[0mU\u001b[0m \u001b[1;33m=\u001b[0m \u001b[0mnp\u001b[0m\u001b[1;33m.\u001b[0m\u001b[0mmultiply\u001b[0m\u001b[1;33m(\u001b[0m\u001b[0mu\u001b[0m\u001b[1;33m,\u001b[0m \u001b[0mnp\u001b[0m\u001b[1;33m.\u001b[0m\u001b[0msqrt\u001b[0m\u001b[1;33m(\u001b[0m\u001b[0ms_pinv\u001b[0m\u001b[1;33m)\u001b[0m\u001b[1;33m)\u001b[0m\u001b[1;33m\u001b[0m\u001b[1;33m\u001b[0m\u001b[0m\n",
      "\u001b[1;31mLinAlgError\u001b[0m: singular matrix"
     ]
    }
   ],
   "source": [
    "%matplotlib inline\n",
    "import numpy as np\n",
    "from scipy import stats\n",
    "import scipy.linalg as la\n",
    "import matplotlib.pyplot as plt\n",
    "import seaborn as sns\n",
    "\n",
    "# This program generates a Gaussian copula with a random correlation matrix to generate a N multivariate random variables\n",
    "# each of whose marginals can be specified by any distribution. The output of this program would be a generation of samples \n",
    "# from the copula\n",
    "\n",
    "# For a given R∈[−1,1]d×d, the Gaussian copula with parameter matrix R can be written as CGaussR(u)=ΦR(Φ−1(u1),…,Φ−1(ud)) \n",
    "#where Φ−1 is the inverse cumulative distribution function of a standard normal and ΦR is the joint cdf of a multivariate \n",
    "#normal distribution with mean vector zero and covariance matrix equal to the correlation matrix R.\n",
    "\n",
    "#In the following code we went the opposite way to create samples from that distribution. The Gaussian copula as expressed \n",
    "# here takes uniform(0, 1) inputs, transforms them to be Gaussian, then applies the correlation and transforms them back to uniform.\n",
    "# we use N =2 and plot the charts with the effects of using a copula vs using independent random variables. Modify code to \n",
    "# generate N>=2 as suited It will not happen by just changing value of N. you need to make sure that each column of the multivariate\n",
    "# normal which is generated is assigned a marginal distribution of your choice.\n",
    "##############################################################################################################################\n",
    "\n",
    "np.random.seed(773) # remove this to create random samples in each run..this is to run a control experiment only\n",
    "\n",
    "# INPUT- we need the number of variables with a given marginal distribution and correlation structure.\n",
    "#**********************************************************************************************************************\n",
    "N =25\n",
    "high =20 # random number you can use anything you wish as the max random int to be generated\n",
    "mean=np.zeros(N) # or you can provide mean = a N array with the expected values of the random variables.\n",
    "v =np.ones(N) # or you can provide std =a N array with the std dev of of the random variables.( 1 is for std normal generation)\n",
    "#***********************************************************************************************************************\n",
    "eigsim = np.random.randint(high, size=(N,))\n",
    "eigsim = N*eigsim/sum(eigsim)\n",
    "x = stats.random_correlation.rvs((eigsim)) #random correlation generator\n",
    "matmul= (np.dot(v[:,None],v[None,:]))\n",
    "df_cov = np.multiply(matmul,x)\n",
    "print(df_cov)\n",
    "mvnorm = stats.multivariate_normal(mean,df_cov )\n",
    "# Generate random samples from multivariate normal with correlation randomly generated as shown by matrix 'x'\n",
    "\n",
    "\n",
    "# In this part we are doing an example for a bivariate dstribution to show the impact of correlations First plt \n",
    "#shows the rv distributions with correlations The second simulates the bivariate rvs as independent rv samples.\n",
    "\n",
    "x = mvnorm.rvs(10000)\n",
    "x_unif = stats.norm.cdf(x) # Converting normal random variables into a uniform variable\n",
    "gumbel = stats.gumbel_l()\n",
    "beta = stats.beta(a=10,b=3)\n",
    "h = sns.jointplot(gumbel.ppf(x_unif[:, 0]), beta.ppf(x_unif[:, 1]), kind='kde', xlim=(-6,2), ylim=(0.6,1.0),stat_func=None);\n",
    "h.set_axis_labels('X1', 'X2', fontsize=16);\n",
    "y = stats.multivariate_normal(np.zeros(N), np.eye(N)).rvs(10000) #generate samples from a standard normal variable\n",
    "# with 0 mean 1 stddev and 0 correl\n",
    "y_unif = stats.norm.cdf(y)\n",
    "h = sns.jointplot(gumbel.ppf(y_unif[:, 0]), beta.ppf(y_unif[:, 1]), kind='kde', xlim=(-6, 2), ylim=(.6, 1.0),stat_func=None);\n",
    "h.set_axis_labels('X1-independent rv', 'X2- independent rv',  fontsize=16);"
   ]
  },
  {
   "cell_type": "code",
   "execution_count": null,
   "metadata": {
    "scrolled": false
   },
   "outputs": [],
   "source": [
    "# This code fits a given data stream into a artilcuar continuous distribution as provided in the libray of scipy stats module\n",
    "#The data stream is provided a singular array and this module checks the best fit based on SSE wrt all other distributions in \n",
    "# the database. One can add their own criteria- AIC, BIC etc to determine best fit as required.\n",
    "\n",
    "import numpy as np\n",
    "import warnings\n",
    "from scipy import stats\n",
    "dist_continu = [d for d in dir(stats.stats.distributions) if isinstance(getattr(stats.stats.distributions, d), stats.stats.distributions.rv_continuous)]\n",
    "#dist_discrete = [d for d in dir(stats.stats.distributions) if isinstance(getattr(stats.stats.distributions, d), stats.stats.distributions.rv_discrete)]\n",
    "#print('number of continuous distributions: %d' % len(dist_continu))\n",
    "#print('number of discrete distributions:   %d' % len(dist_discrete))\n",
    "def best_fit_distribution(data, bins=200, ax=None):\n",
    "    \"\"\"Model data by finding best fit distribution to data\"\"\"\n",
    "    # Get histogram of original data\n",
    "    y, x = np.histogram(data, bins=bins, density=True)\n",
    "    x = (x + np.roll(x, -1))[:-1] / 2.0\n",
    "    dist_continu = [d for d in dir(stats.stats.distributions) if isinstance(getattr(stats.stats.distributions, d), stats.stats.distributions.rv_continuous)]\n",
    "    dist_discrete = [d for d in dir(stats.stats.distributions) if isinstance(getattr(stats.stats.distributions, d), stats.stats.distributions.rv_discrete)]\n",
    "    best_distribution = stats.uniform\n",
    "    best_params = (0.0, 1.0)\n",
    "    best_sse = np.inf\n",
    "    i=0\n",
    "    for distribution in dist_continu: \n",
    "         # Try to fit the distribution\n",
    "        \n",
    "        if (str(distribution)) == 'levy_stable':\n",
    "            continue\n",
    "        try:\n",
    "            # Ignore warnings from data that can't be fit\n",
    "            with warnings.catch_warnings():\n",
    "                warnings.filterwarnings('ignore')\n",
    "                a = distribution\n",
    "                # fit dist to data\n",
    "                params = eval(\"stats.\"+ str(distribution)).fit(data)\n",
    "                \n",
    "                # Separate parts of parameters\n",
    "                arg = params[:-2]\n",
    "                loc = params[-2]\n",
    "                scale = params[-1]\n",
    "\n",
    "                # Calculate fitted PDF and error with fit in distribution\n",
    "                pdf = eval(\"stats.\"+ str(distribution)).pdf(x, loc=loc, scale=scale, *arg)\n",
    "                sse = np.sum(np.power(y - pdf, 2.0))\n",
    "\n",
    "                # if axis pass in add to plot\n",
    "                try:\n",
    "                    if ax:\n",
    "                        pd.Series(pdf, x).plot(ax=ax)\n",
    "                    end\n",
    "                except Exception:\n",
    "                    pass\n",
    "                \n",
    "                # identify if this distribution is better\n",
    "                if best_sse > sse:\n",
    "                    best_distribution = eval(\"stats.\"+ str(distribution))\n",
    "                    best_params = params\n",
    "                    best_sse = sse\n",
    "                print(distribution, sse)\n",
    "        except Exception as e:\n",
    "            print(e)\n",
    "            pass\n",
    "        i+=1\n",
    "    return (best_distribution.name, best_params)\n",
    "data = np.random.rand(1175)\n",
    "x,y =(best_fit_distribution(data, bins=200, ax=None))\n",
    "print(x,y[-2],y[-1])"
   ]
  },
  {
   "cell_type": "code",
   "execution_count": 3,
   "metadata": {},
   "outputs": [
    {
     "name": "stdout",
     "output_type": "stream",
     "text": [
      "[[ 1.         -0.2688478   0.05168326]\n",
      " [-0.2688478   1.          0.04575628]\n",
      " [ 0.05168326  0.04575628  1.        ]] [[ 1.         -0.08145355  0.04891349]\n",
      " [-0.08145355  1.          0.05058345]\n",
      " [ 0.04891349  0.05058345  1.        ]] [[ 1.         -0.19200216  0.06992393]\n",
      " [-0.19200216  1.          0.01062693]\n",
      " [ 0.06992393  0.01062693  1.        ]]\n"
     ]
    },
    {
     "name": "stderr",
     "output_type": "stream",
     "text": [
      "C:\\ProgramData\\Anaconda3\\lib\\site-packages\\ipykernel_launcher.py:12: FutureWarning: Method .as_matrix will be removed in a future version. Use .values instead.\n",
      "  if sys.path[0] == '':\n"
     ]
    }
   ],
   "source": [
    "# This piece of code reads a multi dimensional array from excel which has data of a multivariate distribution.\n",
    "#The marginal distributions are assumed to have been already determined (using best fit or otherwise) and are provided \n",
    "#for the given data. This code then takes this data and creates a Gaussian copula and outputs the R∈[−1,1]d×d,which is needed \n",
    "# to further simuate samples using a copula. The samples generated can be used to test the goodness of fit for the multivariate\n",
    "# data as required\n",
    "import numpy as np\n",
    "import math\n",
    "import warnings\n",
    "from scipy import stats\n",
    "import pandas as pd\n",
    "df = pd.read_excel('MultivariateData.xlsx', sheet_name='Sheet1') # enter the path or if it is in the same directory enter filename\n",
    "data =df.as_matrix()\n",
    "calc =np.zeros_like(data)\n",
    "calc.reshape((len(data), len(df.columns)))\n",
    "#print(data.shape)\n",
    "#Assume the marginals are given or have been determined using best fit ( either the above code) or using a theoretical \n",
    "# basis that explains the natural process. We then assign each column to a marginal distribution below: We do an example \n",
    "#where we have 3 columns. One can expand this to as many columns by adding the data into Sheet1 of the excel file. You have\n",
    "# to make sure you specify the marginals of every column you input below as shown.\n",
    "\n",
    "dist ={}\n",
    "dist[0] = stats.norm(20,10) # first column determined to be normally distributed with a mean of 20 and stdev 10\n",
    "dist[1] = stats.expon(0,1/0.3) # second columns is specified as an exponential distributed rv with lambda = 0.3\n",
    "dist[2] = stats.lognorm(0.5,0,math.exp(2)) # third is lognormally distributed with mean 2 and std dev 0.5\n",
    "\n",
    "\n",
    "for i in range(len(df.columns)):\n",
    "    for j in range(len(data)):\n",
    "        calc[j][i] = 1-dist[i].sf(data[j][i]) # we have converted the marginals into a uniform RVs\n",
    "correlS, pS =stats.spearmanr(calc) # correl is the correlations between the underlying cdf of the multivariate RVs which is the \n",
    "#R matrix for a Gaussian copula generator  is correlS\n",
    "#***************************************************************************************************************************\n",
    "# EXTRA STUFF TO CHECK which shows why doing a spearman is better than pearssons\n",
    "#calculating the pearsons coefficient on the data \n",
    "correlationPdata = np.eye((len(df.columns)))\n",
    "for i in range(len(df.columns)):\n",
    "    for j in range(i+1):\n",
    "        if(i==j):\n",
    "            continue\n",
    "        correlS2, pS2 = stats.pearsonr(data[:,i], data[:,j])\n",
    "        correlationPdata[i][j]= correlS2\n",
    "i_lower = np.tril_indices(len(df.columns), -1)\n",
    "correlationPdata.T[i_lower] = correlationPdata[i_lower]\n",
    "#print(calc)\n",
    "\n",
    "#converting the uniform random variables frm the multivariate distributions to a standard normal random variable\n",
    "normcalc= np.zeros_like(calc)\n",
    "for i in range(len(df.columns)):\n",
    "    for j in range(len(calc)):\n",
    "        normcalc[j][i]= stats.norm.ppf(calc[j][i])\n",
    "ct,ppp= stats.spearmanr(normcalc)\n",
    " # we see that the spearman coefficient is independent of the distributions as ct == correlS and only depends on rank\n",
    "\n",
    "# calculating the pearsons coefficient on the cdf\n",
    "correlationPcdf = np.eye((len(df.columns)))\n",
    "for i in range(len(df.columns)):\n",
    "    for j in range(i+1):\n",
    "        if(i==j):\n",
    "            continue\n",
    "        correlS2, pS2 = stats.pearsonr(normcalc[:,i], normcalc[:,j])\n",
    "        correlationPcdf[i][j]= correlS2\n",
    "i_lower = np.tril_indices(len(df.columns), -1)\n",
    "correlationPcdf.T[i_lower] = correlationPcdf[i_lower]\n",
    "print(correlS,correlationPdata, correlationPcdf)"
   ]
  },
  {
   "cell_type": "code",
   "execution_count": null,
   "metadata": {},
   "outputs": [],
   "source": []
  }
 ],
 "metadata": {
  "kernelspec": {
   "display_name": "Python 3",
   "language": "python",
   "name": "python3"
  },
  "language_info": {
   "codemirror_mode": {
    "name": "ipython",
    "version": 3
   },
   "file_extension": ".py",
   "mimetype": "text/x-python",
   "name": "python",
   "nbconvert_exporter": "python",
   "pygments_lexer": "ipython3",
   "version": "3.7.3"
  }
 },
 "nbformat": 4,
 "nbformat_minor": 2
}
